100,212,315,1097,100,212,315,1097,
109,210, 313, 1100,100,212,315,1097,
98,209, 310, 1089,100,212,315,1097,
104,200, 319, 1098,100,212,315,1097,
107,100, 321, 1105,100,212,315,1097,
50,33, 259, 980,100,212,315,1097,
111,33, 259, 980,100,212,315,1097,
112,33, 259, 980,100,212,315,1097,
113,33, 259, 980,100,212,315,1097,
114,33, 259, 980,100,212,315,1097,
115,33, 259, 980,100,212,315,1097,
116,33, 259, 980,100,212,315,1097,
117,33, 259, 980,100,212,315,1097,
118,33, 259, 980,100,212,315,1097,
119,33, 259, 980,100,212,315,1097,
120,33, 259, 980,100,212,315,1097,
121,33, 259, 980,100,212,315,1097,
122,33, 259, 980,100,212,315,1097,
123,33, 259, 980,100,212,315,1097,
124,33, 259, 980,100,212,315,1097
